state,up,right,down,left
0,0.0,0.0,0.0,0.0
[1 1 1 0 1 0 1 0],4.705999999999906,0.0,0.0,0.0
[1 1 0 1 1 0 0 0],0.0,0.0,0.0,42.814999999998406
[1 1 1 0 1 0 0 0],0.0,0.0,0.0,0.0
[1 1 0 1 1 0 0 1],0.0,0.0,0.0,3.5479999999997203
[1 0 0 1 1 0 0 1],0.0,-0.6800000000000004,-0.8700000000000006,2.977999999999783
[1 0 1 1 0 0 0 1],0.0,0.0,22.845000000001264,0.0
[0 1 1 1 0 1 1 0],0.0,3.902999999999681,0.0,0.0
[1 1 1 0 0 1 1 0],1.4639999999999496,24.66400000000716,0.0,0.0
[1 1 0 0 0 1 1 0],6.490000000000502,0.4210000000000003,-1.7600000000000011,-2.2199999999999966
[1 1 0 1 0 1 1 0],0.7680000000000006,8.558000000000696,0.0,0.0
[1 0 1 1 0 1 1 0],4.576999999999863,0.0,0.0,0.0
[1 1 0 1 0 1 0 0],0.0,12.86299999999958,0.0,0.0
[1 0 1 1 0 1 0 0],0.0,0.0,0.0,0.0
[0 0 1 1 0 1 1 0],-0.9550000000000006,-0.189,0.0,0.0
[1 1 1 0 1 0 0 1],0.0,0.0,3.349999999999742,0.0
[0 1 1 0 1 0 0 1],-0.8400000000000005,0.0,2.531999999999832,-0.6340000000000003
[0 1 1 1 1 0 0 1],0.0,0.0,0.8840000000000007,12.14199999999871
[1 0 1 1 1 0 0 1],0.0,0.0,14.118999999997614,1.0649999999999935
[0 1 0 1 1 0 0 1],-1.6800000000000013,0.0,-0.038,0.9180000000000008
[0 1 0 0 1 0 0 1],-0.1399999999999999,0.0,-0.144,-0.0969999999999999
[1 0 1 0 0 1 0 1],0.0,-0.078,0.8990000000000007,-1.6600000000000013
[0 1 1 0 0 1 0 1],-2.2299999999999964,0.5940000000000004,10.59099999999957,-3.2599999999999745
[1 1 0 1 1 0 1 0],26.23300000000908,0.0,0.0,1.7649999999999164
[0 1 1 0 1 0 1 0],-0.259,0.0,0.0,-0.9870000000000008
[1 1 0 0 1 0 1 0],2.233999999999865,0.0,-0.5800000000000003,-0.9410000000000006
[0 0 0 1 1 0 0 1],-0.3400000000000001,-0.3000000000000001,-0.3260000000000001,0.9440000000000008
[0 0 1 1 1 0 0 1],-4.019999999999959,-1.7900000000000014,0.7300000000000005,10.712999999999502
[0 1 1 1 1 0 1 0],0.0,0.0,0.0,6.039000000000351
[1 0 1 0 1 0 1 0],0.6140000000000004,-1.1800000000000008,0.0,-0.02
[0 0 1 1 1 0 1 0],-1.2700000000000014,-0.9400000000000006,0.0,4.470999999999828
[1 1 1 0 0 0 1 0],48.6599999999953,0.0,0.0,0.0
[1 0 0 1 1 0 0 0],0.0,-1.1800000000000008,-0.7500000000000004,15.519999999999238
[1 0 1 1 1 0 1 0],8.257000000000863,0.0,0.0,0.8500000000000006
[0 1 0 1 1 0 0 0],-1.1500000000000008,0.0,-0.04,7.870000000000072
[0 1 1 1 1 0 0 0],0.0,0.0,0.0,23.71500000000165
[0 1 0 1 1 0 1 0],-0.019,0.0,-0.8900000000000006,0.6820000000000005
[1 0 0 1 1 0 1 0],5.996000000000337,-2.7399999999999856,-0.7100000000000004,0.5150000000000003
[0 1 0 0 1 0 1 0],-0.0929999999999999,0.0,-0.19,-0.146
[1 1 1 0 0 0 0 1],0.0,0.0,21.86000000000103,0.0
[0 0 1 1 0 0 0 1],-1.340000000000001,-0.6700000000000004,16.136999999999134,0.0
[1 0 1 1 0 1 0 1],0.0,0.0,3.658999999999708,0.0
[0 1 1 1 0 1 0 0],0.0,26.886000000002763,0.0,0.0
[1 0 1 0 0 1 1 0],0.9250000000000008,-0.069,0.0,-1.5300000000000011
[1 0 0 0 0 1 0 0],0.0,-0.1259999999999999,-0.07,-0.0999999999999999
[1 1 0 0 0 1 0 1],0.0,2.1469999999998746,-0.6750000000000004,-0.6600000000000004
[0 0 1 1 0 0 1 0],-0.159,-0.09,0.0,0.0
[1 1 0 1 0 1 0 1],0.0,2.162999999999873,0.0,0.0
[0 1 0 1 0 1 0 1],-0.9900000000000008,0.5010000000000003,-0.069,0.0
[0 0 1 1 0 1 0 1],-1.1700000000000008,-1.4520000000000024,3.950999999999676,0.0
[0 0 0 0 0 1 0 1],-0.7000000000000004,-0.7050000000000004,-0.7040000000000004,-0.7200000000000004
[0 1 0 0 0 1 0 1],-0.3300000000000001,0.7130000000000005,-0.2840000000000001,-0.24
[0 1 1 1 0 1 0 1],0.0,15.194999999997018,0.9090000000000008,0.0
[0 1 1 0 0 1 1 0],-2.165999999999999,7.128000000000715,0.0,-1.7600000000000011
[1 1 0 0 1 0 0 1],0.0,0.0,-0.3830000000000002,-0.222
[0 0 1 0 1 0 0 1],-0.24,-0.26,0.5550000000000004,-0.079
[1 1 0 1 0 0 1 0],104.36900000003322,0.0,0.0,0.0
[1 0 0 1 0 1 1 0],3.3199999999997454,-1.020000000000001,-0.8000000000000005,0.0
[1 1 1 0 0 1 0 1],0.0,0.7120000000000005,10.002999999999895,0.0
[1 1 1 0 0 1 0 0],0.0,82.98000000000897,0.0,0.0
[1 1 0 1 0 0 0 1],0.0,0.0,0.0,0.0
[0 1 0 1 0 0 0 1],-0.22,0.0,-0.039,0.0
[0 1 1 0 0 1 0 0],-1.010000000000001,19.39500000000036,0.0,-1.270000000000001
[1 0 1 0 0 0 0 1],0.0,0.0,3.4989999999999384,-0.4600000000000002
[1 0 0 1 0 1 0 0],0.0,-0.1129999999999999,-0.07,0.0
[0 1 0 1 0 1 1 0],-0.01,0.5060000000000003,-0.6800000000000004,0.0
[1 0 0 1 0 1 0 1],0.0,-0.224,-0.5550000000000003,0.0
[0 1 1 1 0 0 1 0],0.0,0.0,0.0,0.0
[1 0 1 1 0 0 1 0],12.12999999999968,0.0,0.0,0.0
[1 0 1 1 1 0 0 0],0.0,0.0,0.0,132.9300000000586
[0 0 1 1 0 1 0 0],-0.19,-0.186,0.0,0.0
[0 1 1 0 0 0 0 1],-0.9100000000000006,0.0,15.808999999999148,-1.1100000000000008
[1 0 0 1 0 0 0 1],0.0,-0.07,-0.1189999999999999,0.0
[1 0 1 0 1 0 0 1],0.0,-0.7400000000000004,0.4260000000000003,-0.06
[1 1 0 0 0 0 0 1],0.0,0.0,-0.158,-0.1099999999999999
[0 0 0 1 0 1 1 0],-0.3930000000000002,-0.18,-0.21,0.0
[1 0 0 0 1 0 1 0],0.2630000000000002,-0.22,-0.1299999999999999,-0.1329999999999999
[1 0 0 0 0 1 1 0],1.2399999999999742,-0.4850000000000002,-0.3800000000000001,-0.5300000000000002
[1 1 0 0 0 1 0 0],0.0,9.588999999999908,-0.6500000000000004,-0.6800000000000004
[1 0 1 0 0 1 0 0],0.0,-0.028,0.0,-0.9300000000000006
[0 0 1 0 0 1 1 0],-0.5260000000000002,-0.2850000000000001,0.0,-0.5100000000000002
[1 1 0 0 0 0 1 0],11.420999999999628,0.0,-0.5500000000000003,-0.7800000000000005
[0 1 0 1 0 0 1 0],-0.01,0.0,-0.22,0.0
[0 1 0 0 0 0 1 0],-0.0839999999999999,0.0,-0.08,-0.04
[0 1 1 1 0 0 0 1],0.0,0.0,89.40700000001546,0.0
[1 0 0 0 1 0 0 1],0.0,-0.1399999999999999,-0.178,-0.041
[0 1 1 0 1 0 0 0],-0.23,0.0,0.0,-0.193
[1 0 0 1 0 0 1 0],5.484999999999991,-0.5000000000000002,-0.22,0.0
[0 1 1 0 0 0 1 0],-0.243,0.0,0.0,-0.15
[1 1 0 0 1 0 0 0],0.0,0.0,-0.1299999999999999,-0.198
[0 1 0 1 0 1 0 0],-0.26,1.863999999999989,-0.01,0.0
[0 0 1 1 1 0 0 0],-2.3199999999999945,-0.6600000000000004,0.0,25.92200000000257
[0 0 0 1 1 0 1 0],-0.4370000000000002,-0.4000000000000002,-0.4000000000000002,1.3009999999999675
[0 0 1 0 1 0 1 0],-0.1139999999999999,-0.26,0.0,-0.3070000000000001
[0 1 0 0 0 0 0 1],-0.05,0.0,-0.058,-0.04
[0 0 1 0 0 1 0 1],-0.4700000000000002,-0.4540000000000002,1.151999999999984,-0.3400000000000001
[1 0 0 0 0 1 0 1],0.0,-0.192,-0.159,-0.23
[0 1 0 0 0 1 0 0],-0.18,1.6489999999999765,-0.2,-0.25
[0 0 0 1 0 0 1 0],-0.0979999999999999,-0.03,-0.03,0.0
[1 0 1 0 0 0 1 0],1.989999999999992,-0.04,0.0,-0.3400000000000001
[1 0 0 0 0 0 1 0],1.2849999999999946,-0.1299999999999999,-0.09,-0.15
[1 0 1 0 1 0 0 0],0.0,-0.2700000000000001,0.0,-0.008
[0 0 0 1 0 1 0 1],-0.23,-0.2700000000000001,-0.162,0.0
[0 1 0 0 0 1 1 0],-0.187,0.5370000000000004,-0.3200000000000001,-0.21
[1 1 1 0 0 0 0 0],0.0,0.0,0.0,0.0
[1 0 0 0 0 0 0 1],0.0,-0.01,-0.02,-0.06
[1 0 0 0 1 0 0 0],0.0,-0.08,-0.09,-0.154
[0 0 1 0 0 0 0 1],-0.3300000000000001,-0.09,2.420999999999961,-0.2800000000000001
[0 0 0 1 0 0 0 1],-0.06,-0.08,-0.1089999999999999,0.0
[0 0 0 1 1 0 0 0],-0.3800000000000001,-0.4000000000000002,-0.1399999999999999,2.784999999999943
[0 0 1 0 0 1 0 0],-0.1299999999999999,-0.065,0.0,-0.16
[0 0 1 0 1 0 0 0],-0.03,-0.1199999999999999,0.0,-0.027
[0 0 0 0 1 0 0 1],-0.5100000000000002,-0.5100000000000002,-0.5180000000000002,-0.5090000000000002
[0 0 0 0 1 0 1 0],-0.5060000000000002,-0.5100000000000002,-0.5000000000000002,-0.5050000000000002
[0 0 0 0 0 1 0 0],-0.15,-0.159,-0.15,-0.15
[0 1 0 0 1 0 0 0],-0.04,0.0,-0.01,-0.02
[0 0 1 0 0 0 1 0],-0.04,-0.01,0.0,-0.02
[0 0 0 1 0 1 0 0],-0.03,-0.02,-0.03,0.0
[0 0 0 0 0 1 1 0],-0.9020000000000006,-0.8960000000000006,-0.9000000000000006,-0.9100000000000006
[0 0 0 0 1 0 0 0],-0.1099999999999999,-0.1199999999999999,-0.1299999999999999,-0.1299999999999999
[0 0 0 0 0 0 1 0],-0.1279999999999999,-0.1199999999999999,-0.1099999999999999,-0.1199999999999999
[0 0 0 0 0 0 0 1],-0.16,-0.16,-0.169,-0.16
