state,up,right,down,left
0,0.0,0.0,0.0,0.0
[1 1 1 0 0 1 0 1],0.0,1.4089999999999556,10.622999999999552,0.0
[0 1 1 1 0 1 0 1],0.0,4.209999999999741,34.05500000001133,0.0
[0 1 1 1 0 1 0 0],0.0,23.507000000002204,0.0,0.0
[1 1 1 0 1 0 0 1],0.0,0.0,5.149000000000054,0.0
[0 1 1 1 1 0 0 1],0.0,0.0,1.2639999999999716,10.223999999999773
[1 0 1 1 1 0 0 1],0.0,0.0,3.386999999999738,27.556000000010695
[1 0 1 1 0 0 0 1],0.0,0.0,14.871999999998843,0.0
[1 0 1 1 0 1 0 1],0.0,0.0,7.32300000000078,0.0
[1 1 0 1 0 1 0 1],0.0,6.646000000000554,0.0,0.0
[1 1 1 0 0 0 0 1],0.0,0.0,8.319000000000027,0.0
[0 1 1 1 0 0 0 1],0.0,0.0,44.284999999996174,0.0
[1 1 1 0 0 1 0 0],0.0,58.572999999982834,0.0,0.0
[0 1 1 1 0 1 1 0],0.0,7.765000000000928,0.0,0.0
[0 1 0 1 0 1 1 0],0.016000000000000007,2.7839999999998044,0.0,0.0
[1 0 0 1 0 1 1 0],-0.5550000000000002,-0.5520000000000003,-0.5200000000000002,-0.5600000000000003
[1 0 0 0 0 1 1 0],-0.343,-0.35500000000000004,-0.3500000000000001,-0.35000000000000014
[0 0 0 0 0 1 1 0],-2.2159999999999975,-2.5779999999999896,-2.569999999999989,-2.569999999999989
[1 1 0 1 1 0 0 1],0.0,0.0,0.0,5.594000000000203
[1 0 1 1 0 1 1 0],4.972999999999995,0.0,0.0,0.0
[1 0 1 0 0 1 1 0],1.177999999999981,0.040000000000000015,0.0,0.0
[0 1 1 0 0 1 1 0],0.06300000000000003,0.6340000000000006,-0.07,-0.05
[1 0 1 0 0 0 0 1],0.0,0.0,3.3049999999999105,0.0
[1 0 1 0 0 1 0 1],0.0,0.002,1.4379999999999524,0.0
[0 0 0 0 0 1 0 1],-2.339999999999994,-2.3389999999999946,-2.340999999999995,-2.339999999999994
[1 1 0 1 0 1 0 0],0.0,9.465999999999935,0.0,0.0
[1 1 1 0 1 0 1 0],5.245000000000086,0.0,0.0,0.0
[0 1 1 1 1 0 1 0],0.0,0.0,0.0,4.659999999999891
[1 0 1 1 1 0 1 0],2.5649999999998285,0.0,0.0,21.03000000000272
[1 0 1 1 0 0 1 0],14.017999999999237,0.0,0.0,0.0
[1 1 0 1 0 1 1 0],1.051999999999995,7.974000000000998,0.0,0.0
[1 1 0 0 0 1 1 0],4.318999999999746,0.5660000000000004,-0.060000000000000005,-0.04
[1 1 1 0 1 0 0 0],0.0,0.0,0.0,0.0
[1 1 0 0 0 1 0 0],-0.04,11.253999999999634,-0.060000000000000005,-0.02
[1 0 1 0 0 1 0 0],0.0,1.8100000000000014,0.0,0.0
[0 0 0 0 0 1 0 0],-1.5200000000000011,-0.09799999999999999,-1.5400000000000011,-1.5300000000000011
[0 1 0 1 0 1 0 1],0.0,1.9879999999998919,0.08600000000000003,0.0
[0 0 1 1 0 1 0 1],-0.22000000000000006,-0.20599999999999988,-0.2239999999999995,-0.25000000000000006
[0 1 0 1 0 1 0 0],0.0,6.273000000000035,0.0,0.0
[1 0 0 1 0 1 0 0],-0.12999999999999998,0.8870000000000006,-0.11999999999999998,-0.11999999999999998
[1 1 0 1 1 0 1 0],1.051999999999995,0.0,0.0,8.313000000000832
[1 0 1 0 1 0 1 0],1.3159999999999659,0.0,0.0,0.03600000000000001
[1 0 1 0 0 0 1 0],5.793999999999994,0.0,0.0,0.0
[1 0 0 0 0 1 0 0],-0.060000000000000005,0.04599999999999991,-0.07,-0.07
[1 1 1 0 0 1 1 0],3.8639999999996855,31.517000000015535,0.0,0.0
[1 1 1 0 0 0 1 0],25.661000000002378,0.0,0.0,0.0
[0 1 1 1 0 0 1 0],0.0,0.0,0.0,0.0
[0 0 1 1 1 0 1 0],-0.34400000000000003,-0.36000000000000015,-0.3500000000000001,-0.3509999999999999
[0 1 0 1 0 0 1 0],5.090999999999935,0.0,0.0,0.0
[1 1 0 1 0 0 0 1],0.0,0.0,0.0,0.0
[1 1 0 1 0 0 1 0],54.12899999998988,0.0,0.0,0.0
[0 1 1 0 0 0 0 1],-0.09999999999999999,-0.13999999999999999,7.583000000000226,-0.07
[1 0 0 1 1 0 1 0],3.1879999999996915,-0.10999999999999989,-0.05,0.33200000000000035
[0 1 1 0 0 1 0 1],-0.11999999999999997,4.630999999999884,0.48900000000000043,-0.19999999999999996
[0 0 1 1 0 1 0 0],-0.20000000000000004,0.03900000000000004,-0.20999999999999996,-0.19999999999999996
[0 0 1 0 0 1 0 0],-0.09999999999999999,-0.064,-0.10999999999999999,-0.09999999999999999
[0 1 0 0 0 1 0 1],-0.18999999999999995,-0.1929999999999999,-0.19499999999999995,-0.17999999999999994
[0 1 1 0 0 1 0 0],0.0,3.8779999999998815,-0.06999999999999999,-0.03
[0 1 0 1 1 0 0 0],0.0,0.0,0.0,2.959999999999956
[0 0 0 1 0 1 0 1],-0.31000000000000005,-0.30300000000000005,-0.31200000000000006,-0.32000000000000006
[0 0 1 1 0 1 1 0],0.11300000000000027,-0.7090000000000004,-0.7000000000000004,-0.7200000000000004
[0 0 1 1 0 0 1 0],0.117,-0.20000000000000004,-0.21999999999999997,-0.21999999999999997
[0 0 0 0 1 0 1 0],-1.8150000000000015,-1.8200000000000014,-1.8100000000000014,-1.7980000000000023
[0 0 1 0 0 0 1 0],0.1299999999999999,-0.060000000000000005,-0.060000000000000005,-0.060000000000000005
[1 0 0 0 0 0 1 0],0.3460000000000002,-0.02,-0.02,0.0
[0 1 1 1 1 0 0 0],0.0,0.0,0.0,6.445000000000019
[1 0 1 1 1 0 0 0],0.0,0.0,0.0,17.827999999999548
[1 0 1 1 0 1 0 0],0.0,0.0,0.0,0.0
[1 0 0 1 0 1 0 1],-0.20000000000000004,-0.20699999999999988,0.08000000000000011,-0.20999999999999996
[1 1 0 0 0 1 0 1],-0.16,1.1869999999999714,0.11000000000000018,-0.07999999999999999
[1 1 0 0 1 0 1 0],0.7840000000000007,-0.16,-0.05,0.03900000000000004
[1 1 0 0 0 0 1 0],6.130000000000068,-0.16,-0.06999999999999999,-0.09999999999999999
[1 1 0 0 1 0 0 0],-0.04,-0.02,-0.02,1.1019999999999996
[1 0 0 0 0 1 0 1],-0.16,-0.155,-0.08299999999999996,-0.16
[1 0 0 1 0 0 1 0],6.341000000000067,-0.07,-0.03,-0.07
[0 0 1 0 0 1 1 0],-0.12899999999999984,-0.3180000000000001,-0.3000000000000001,-0.32000000000000006
[1 1 0 0 0 0 0 1],-0.07,-0.060000000000000005,2.0139999999999985,-0.060000000000000005
[1 1 0 1 1 0 0 0],0.0,0.0,0.0,8.081000000000047
[0 1 1 0 1 0 1 0],-0.1379999999999998,-0.16999999999999993,-0.20000000000000004,-0.15999999999999975
[1 0 0 0 1 0 0 0],-0.060000000000000005,-0.07,-0.060000000000000005,-0.061000000000000006
[1 0 0 1 1 0 0 0],-0.15,-0.08,-0.060000000000000005,3.303999999999907
[0 1 0 1 1 0 1 0],0.021000000000000008,0.0,0.0,1.1799999999999808
[0 0 0 1 0 0 1 0],0.126,-0.13999999999999999,-0.11999999999999998,-0.1399999999999999
[0 0 0 1 0 1 1 0],-0.273,-0.3000000000000001,-0.31000000000000005,-0.3100000000000001
[0 1 0 0 0 1 1 0],-0.05099999999999989,0.06700000000000025,-0.07,-0.04
[0 0 0 1 0 1 0 0],-0.05,0.11099999999999999,-0.05,-0.060000000000000005
[0 0 1 1 1 0 0 0],-0.01,0.0,-0.04,3.0719999999999072
[0 1 0 1 1 0 0 1],0.0,0.0,0.010000000000000002,1.961999999999895
[0 0 0 0 1 0 0 1],-1.400000000000001,-1.410000000000001,-1.3980000000000015,-1.4240000000000013
[0 0 0 1 1 0 0 1],-0.09999999999999999,-0.12999999999999998,-0.08799999999999987,-0.07399999999999966
[0 0 1 1 1 0 0 1],-0.05,-0.07,3.0579999999997307,0.3430000000000003
[1 0 1 0 1 0 0 1],0.0,0.0,1.0219999999999982,0.05300000000000002
[1 0 1 0 1 0 0 0],0.0,0.0,0.0,0.9500000000000006
[1 0 0 1 1 0 0 1],-0.04,-0.060000000000000005,0.024000000000000122,0.2890000000000004
[0 1 1 0 1 0 0 1],-0.1499999999999999,-0.30000000000000004,0.044000000000001364,-0.0969999999999998
[0 0 1 0 1 0 1 0],-0.28300000000000003,-0.3200000000000001,-0.3100000000000001,-0.3210000000000001
[0 1 0 1 0 0 0 1],0.0,0.0,1.9500000000000015,0.0
[0 0 0 1 1 0 1 0],-0.19599999999999995,-0.21000000000000005,-0.19000000000000003,-0.1769999999999999
[0 0 0 0 0 0 1 0],-0.08499999999999999,-0.2900000000000001,-0.2900000000000001,-0.3000000000000001
[0 0 1 1 0 0 0 1],0.0,-0.03,2.7089999999999304,-0.05
[0 0 1 0 0 1 0 1],-0.18000000000000002,-0.18799999999999992,-0.1939999999999999,-0.18999999999999995
[1 1 0 0 1 0 0 1],-0.25000000000000006,-0.26000000000000006,0.08300000000000023,-0.25700000000000006
[0 0 1 0 1 0 0 1],-0.26,-0.28,-0.29800000000000004,-0.28300000000000003
[0 1 0 0 0 0 1 0],0.23000000000000012,-0.06999999999999999,-0.060000000000000005,-0.060000000000000005
[0 1 1 0 1 0 0 0],-0.04,-0.05,-0.05,1.7909999999999995
[1 0 0 0 1 0 1 0],-0.16799999999999984,-0.17,-0.16,-0.1749999999999999
[0 0 0 1 0 0 0 1],-0.03,-0.05,0.0010000000000000044,-0.04
[0 1 0 0 0 1 0 0],-0.04,0.7150000000000005,-0.04,-0.01
[0 0 0 0 1 0 0 0],-0.21999999999999997,-0.21999999999999997,-0.22999999999999998,-0.069
[0 1 1 0 0 0 1 0],0.6060000000000003,-0.19000000000000003,-0.20000000000000004,-0.19999999999999996
[0 1 0 0 1 0 1 0],-0.12299999999999993,-0.1499999999999999,-0.12999999999999998,-0.12099999999999986
[0 1 0 0 1 0 0 0],-0.01,-0.01,-0.02,0.3770000000000001
[0 1 0 1 0 0 0 0],0.0,0.0,0.0,0.0
[0 1 0 0 1 0 0 1],-0.19999999999999996,-0.20999999999999996,-0.21899999999999997,-0.20799999999999993
[1 0 0 0 1 0 0 1],-0.19999999999999996,-0.20999999999999996,-0.15299999999999986,-0.20599999999999996
[0 0 1 0 0 0 0 1],-0.04,-0.08,0.32200000000000006,-0.060000000000000005
[0 0 0 1 1 0 0 0],-0.07,-0.02,-0.01,0.5850000000000003
[0 0 0 0 0 0 0 1],-0.3300000000000001,-0.3200000000000001,-0.05500000000000001,-0.3200000000000001
[1 1 1 0 0 0 0 0],0.0,0.0,0.0,0.0
[0 1 0 0 0 0 0 1],-0.05,-0.05,0.15399999999999991,-0.07
[1 0 0 1 0 0 0 1],-0.10999999999999999,-0.10999999999999999,0.20900000000000007,-0.10999999999999999
[0 1 1 1 0 0 0 0],0.0,0.0,0.0,0.0
[0 0 1 0 1 0 0 0],-0.03,-0.060000000000000005,-0.07,-0.054
[1 0 0 0 0 0 0 1],-0.04,-0.04,0.17400000000000002,-0.04
[0 0 1 1 0 0 0 0],0.0,0.0,0.0,0.0
[1 0 0 1 0 0 0 0],0.0,0.0,0.0,0.0
[1 0 1 0 0 0 0 0],0.0,0.0,0.0,0.0
[1 1 0 1 0 0 0 0],0.0,0.0,0.0,0.0
[0 1 1 0 0 0 0 0],0.0,0.0,0.0,0.0
[0 0 0 1 0 0 0 0],0.0,0.0,0.0,0.0
[1 0 1 1 0 0 0 0],0.0,0.0,0.0,0.0
[1 1 0 0 0 0 0 0],0.0,0.0,0.0,0.0
